---
title: R语言学习笔记：矩阵
tags: [R]
date: 2018-09-28 15:17:57
permalink: r-matrix
---
矩阵（matrix）是一种特殊的向量,包含两个附加的属性：行数和列数.所以矩阵也是和向量一样,有模式（数据类型）的概念.
<!-- more -->

## 创建矩阵

可通过函数`matrix()`创建矩阵.一般使用格式为：

```r
myymatrix <- matrix(vector,nrow=number_of_rows,ncol=number_of_columns,byrow=logical_value,dimnames=list(char_vector_rownames,char_vector_colnames))
```

- vector包含了矩阵的元素；
- nrow和ncol用以指定行和列的维数；
- dimnames包含了可选的、以字符型向量表示的行名和列名；
- 选项byrow则表明矩阵应当按行填充（byrow=TRUE）还是按列填充（byrow=FALSE）,默认情况下按列填充.需要注意的是,按行填充之后,矩阵本身依然是按照按列存储的,参数`byrow`改变的是数据输入的顺序.

```r
A <- matrix(1:16, nrow = 4, ncol = 4, byrow = TRUE, dimnames = list(c("r1", "r2", "r3", "r4"), c("c1", "c2", "c3", "c4")))
A
```

```r
   c1 c2 c3 c4
r1  1  2  3  4
r2  5  6  7  8
r3  9 10 11 12
r4 13 14 15 16
```

## 矩阵的属性

### 矩阵的维数

在R中很容易得到一个矩阵的维数,函数`dim()`将返回一个矩阵的维数,`nrow()`返回行数,`ncol()`返回列数.

```r
dim(A)
```

```r
[1] 4 4
```

```r
ncol(A)
```

```r
[1] 4
```

```r
nrow(A)
```

```r
[1] 4
```

### 方阵的对角元素

取一个方阵的对角元素可用函数`diag()`求出.

```r
diag(A)
```

```r
[1]  1  6 11 16
```

对一个向量应用`diag()`函数将产生以这个向量为对角元素的对角矩阵/

```r
diag(c(1, 2, 3, 4))
```

```r
     [,1] [,2] [,3] [,4]
[1,]    1    0    0    0
[2,]    0    2    0    0
[3,]    0    0    3    0
[4,]    0    0    0    4
```

对一个正整数z应用`diag()`函数将产生以z维单位矩阵.

```r
diag(4)
```

```r
     [,1] [,2] [,3] [,4]
[1,]    1    0    0    0
[2,]    0    1    0    0
[3,]    0    0    1    0
[4,]    0    0    0    1
```

### 矩阵的行列式值

矩阵的行列式值可用函数`det()`求出.

```r
det(A)
```

```r
[1] 4.733165e-30
```

## 矩阵索引

可以使用下标和方括号来选择矩阵中的行、 列或元素.
`X[i,]`指矩阵X中的第i行, `X[,j]`指第j列, X[i, j]指第i行第j 个元素.
选择多行或多列时,下标i和j可为数值型向量.

```r
A[1,1]
```

```r
[1] 1
```

```r
A[1,]
```

```r
c1 c2 c3 c4
 1  2  3  4
```

```r
A[c(1,2),c(2,4)]
```

```r
   c2 c4
r1  2  4
r2  6  8
```

## 矩阵的线性代数运算

### 矩阵的加（减）法

在R中对同行同列矩阵相加减,可用符号：“＋”、“－”.

```r
B = matrix(1:16, nrow = 4, ncol = 4, dimnames = list(c("r1", "r2", "r3", "r4"), c("c1", "c2", "c3", "c4")))
B
```

```r
   c1 c2 c3 c4
r1  1  5  9 13
r2  2  6 10 14
r3  3  7 11 15
r4  4  8 12 16
```

```r
A + B
```

```r
   c1 c2 c3 c4
r1  2  7 12 17
r2  7 12 17 22
r3 12 17 22 27
r4 17 22 27 32
```

### 矩阵的数乘

A为m×n矩阵,c>0,在R中求cA可用符号：“*”.

```r
A*2
```

```r
   c1 c2 c3 c4
r1  2  4  6  8
r2 10 12 14 16
r3 18 20 22 24
r4 26 28 30 32
```

### 矩阵的乘法

A为m×n矩阵,B为n×k矩阵,在R中求AB可用符号：“％*％”.

```r
A %*% B
```

```r
    c1  c2  c3  c4
r1  30  70 110 150
r2  70 174 278 382
r3 110 278 446 614
r4 150 382 614 846
```

同样也可用函数`crossprod(t(A), B)`,该函数计算结果与`A %*% B`相同,但是效率更高.

```r
crossprod(t(A), B)
```

```r
    c1  c2  c3  c4
r1  30  70 110 150
r2  70 174 278 382
r3 110 278 446 614
r4 150 382 614 846
```

### 矩阵Hadamard积

若A和B均为m×n, 则R中Hadamard积可以直接运用运算符“*”.

```r
A * B
```

```r
   c1  c2  c3  c4
r1  1  10  27  52
r2 10  36  70 112
r3 27  70 121 180
r4 52 112 180 256
```

### 矩阵的转置

A为m×n矩阵,求A'在R中可用函数`t()`.

```r
A
t(A)
```

```r
   c1 c2 c3 c4
r1  1  2  3  4
r2  5  6  7  8
r3  9 10 11 12
r4 13 14 15 16
   r1 r2 r3 r4
c1  1  5  9 13
c2  2  6 10 14
c3  3  7 11 15
c4  4  8 12 16
```

### 矩阵的逆

矩阵求逆可用函数`solve()`,应用`solve(a, b)`运算结果是解线性方程组ax = b,若b缺省,则系统默认为单位矩阵,因此可用其进行矩阵求逆.

```r
C = matrix(rnorm(16), 4, 4)
solve(C)
```

```r
           [,1]        [,2]      [,3]      [,4]
[1,]  0.4412128 -0.44256032 -1.593115 -1.451343
[2,] -0.6292574  0.02268367  1.923987  1.906771
[3,]  0.2112361 -0.36905470 -4.220028 -3.475608
[4,] -1.1952879  0.20774469  2.941448  2.200294
```

```r
solve(C) %*% C
```

```r
              [,1]          [,2]          [,3]          [,4]
[1,]  1.000000e+00 -4.440892e-16  5.551115e-17 -2.220446e-16
[2,] -2.220446e-16  1.000000e+00 -1.110223e-16  4.440892e-16
[3,]  0.000000e+00 -8.881784e-16  1.000000e+00 -8.881784e-16
[4,] -2.220446e-16  8.881784e-16 -2.220446e-16  1.000000e+00
```

### 矩阵的特征值与特征向量

矩阵A的谱分解为A=UΛU',其中Λ是由A的特征值组成的对角矩阵,U的列为A的特征值对应的特征向量.

在R中可以用函数`eigen()`函数得到U和Λ.

```r
eigen(A,symmetric=T)
```

```r
eigen() decomposition
$`values`
[1] 44.0905920 -0.8870073 -1.5293394 -7.6742452

$vectors
           [,1]       [,2]       [,3]       [,4]
[1,] -0.3544104 -0.2704209 -0.5222357  0.7270046
[2,] -0.4227352  0.6678589  0.4766782  0.3847563
[3,] -0.5198237 -0.6526664  0.5405252 -0.1079002
[4,] -0.6522818  0.2342299 -0.4559390 -0.5583766

```

### 矩阵的Choleskey分解

对于正定矩阵A,可对其进行Choleskey分解,即：A=P'P,其中P为上三角矩阵,在R中可以用函数`chol()`进行Choleskey分解.

```r
D = diag(4) + 1
chol(D)
```

```r
         [,1]      [,2]      [,3]      [,4]
[1,] 1.414214 0.7071068 0.7071068 0.7071068
[2,] 0.000000 1.2247449 0.4082483 0.4082483
[3,] 0.000000 0.0000000 1.1547005 0.2886751
[4,] 0.000000 0.0000000 0.0000000 1.1180340
```

## 关于矩阵行和列的操作

在R中很容易求得一个矩阵的各行、各列的和、平均数与列的和、平均数.

```r
rowSums(A)
```

```r
r1 r2 r3 r4
10 26 42 58
```

```r
rowMeans(A)
```

```r
  r1   r2   r3   r4
 2.5  6.5 10.5 14.5
```

```r
colSums(A)
```

```r
c1 c2 c3 c4
28 32 36 40
```

```r
colMeans(A)
```

```r
c1 c2 c3 c4
 7  8  9 10
```

上述关于矩阵行和列的操作,还可以使用apply()函数实现.

```r
args(apply)
function (X, MARGIN, FUN, ...)
```

其中：x为矩阵,MARGIN用来指定是对行运算还是对列运算,MARGIN＝1表示对行运算,MARGIN＝2表示对列运算,FUN用来指定运算函数, ...用来给定FUN中需要的其它的参数.

```r
apply(A,1,sum)
```

```r
r1 r2 r3 r4
10 26 42 58
```

```r
apply(A,1,mean)
```

```r
  r1   r2   r3   r4
 2.5  6.5 10.5 14.5
```

```r
apply(A,2,sum)
```

```r
c1 c2 c3 c4
28 32 36 40
```

```r
apply(A,2,mean)
```

```r
c1 c2 c3 c4
 7  8  9 10
```

`apply()`函数功能强大,我们可以对矩阵的行或者列进行其它运算,如计算每一列的方差.

```r
apply(A,2,var)
```

```r
      c1       c2       c3       c4
26.66667 26.66667 26.66667 26.66667
```

## 矩阵的向量化

在R中可以很容易的实现向量化算子

```r
vec<-function (x){
          t(t(as.vector(x)))
}
vech<-function (x){
          t(x[lower.tri(x,diag=T)])
}
```

```r
vec(A)
```

```r
      [,1]
 [1,]    1
 [2,]    5
 [3,]    9
 [4,]   13
 [5,]    2
 [6,]    6
 [7,]   10
 [8,]   14
 [9,]    3
[10,]    7
[11,]   11
[12,]   15
[13,]    4
[14,]    8
[15,]   12
[16,]   16
```

```r
vech(A)
```

```r
     [,1] [,2] [,3] [,4] [,5] [,6] [,7] [,8] [,9] [,10]
[1,]    1    5    9   13    6   10   14   11   15    16
```

## 增加或删除矩阵

严格来书,矩阵的长度和维度是固定的,因此不能增加或删除行和列.但是可以给矩阵重新赋值,这样可以得到和增加或删除一样的效果.

可以通过`rbind()`和`cbind()`给矩阵增加行或列.

```r
cbind(A,B)
```

```r
   c1 c2 c3 c4 c1 c2 c3 c4
r1  1  2  3  4  1  5  9 13
r2  5  6  7  8  2  6 10 14
r3  9 10 11 12  3  7 11 15
r4 13 14 15 16  4  8 12 16
```

这里实际上是把矩阵A和矩阵B按照列来组合在一起,创建了一个新矩阵.

```r
rbind(A,B)
```

```r
   c1 c2 c3 c4
r1  1  2  3  4
r2  5  6  7  8
r3  9 10 11 12
r4 13 14 15 16
r1  1  5  9 13
r2  2  6 10 14
r3  3  7 11 15
r4  4  8 12 16
```

同样也可以通过重新赋值来删除矩阵的行或列.

```r
A <- A[c(1,2,3),]
A
```

```r
   c1 c2 c3 c4
r1  1  2  3  4
r2  5  6  7  8
r3  9 10 11 12
```